[common]
data_path = D:\Github\BackTest\HistoryData\EURUSD_15M.csv
magic = 1232525
spread = 0.00030
start = 2016.01.01
end = 2016.06.01

[account]
mount = 10000
lever = 100

[strategy]
lot = 0.01
marting = 1.5
distance = 0.00200
profit = 0.00080

